5/19/08        187.86        188.69        181.3        183.6        33779300        183.6
5/20/08        181.82        186.16        180.12        185.9        34637500        185.9
5/21/08        185.67        187.95        176.25        178.19        41344900        178.19
5/22/08        179.26        181.33        172        177.05        43097700        177.05
5/23/08        180.77        181.99        177.8        181.17        32389900        181.17
5/27/08        182.75        186.43        181.84        186.43        28210900        186.43
5/28/08        187.41        187.95        183.72        187.01        26570700        187.01
5/29/08        186.76        188.2        185.5        186.69        23113800        186.69
5/30/08        187.45        189.54        187.38        188.75        21792300        188.75
6/2/08        188.6        189.65        184.53        186.1        24280000        186.1
6/3/08        186.86        188.2        182.34        185.37        26804300        185.37
6/4/08        184.02        187.09        183.23        185.19        25963700        185.19
6/5/08        186.34        189.84        185.7        189.43        26980200        189.43
6/6/08        188        189.95        185.55        185.64        34438700        185.64
6/9/08        184.79        184.94        175.75        181.61        67442600        181.61
6/10/08        180.51        186.78        179.02        185.64        40728600        185.64
6/11/08        184.34        186        179.59        180.81        34341100        180.81
6/12/08        181.49        182.6        171.2        173.26        46726200        173.26
6/13/08        171.64        174.16        165.31        172.37        48069900        172.37
6/16/08        171.3        177.9        169.07        176.84        37561800        176.84
6/17/08        178.1        181.99        177.41        181.43        32130600        181.43
6/18/08        181.12        182.2        177.35        178.75        28981000        178.75
6/19/08        178.55        182.34        176.8        180.9        28283900        180.9
6/20/08        179.35        181        175        175.27        31727400        175.27
6/23/08        174.74        175.88        171.56        173.16        23063600        173.16
6/24/08        172.37        175.78        171.63        173.25        22212400        173.25
6/25/08        174.61        178.83        173.88        177.39        23016100        177.39
6/26/08        174.07        174.84        168.01        168.26        31057500        168.26
6/27/08        166.51        170.57        164.15        170.09        37223200        170.09
6/30/08        170.19        172        166.62        167.44        24435600        167.44
7/1/08        164.23        174.72        164        174.68        39688600        174.68
7/2/08        175.2        177.45        168.18        168.18        29911400        168.18
7/3/08        169.59        172.17        165.75        170.12        18691500        170.12
7/7/08        173.16        177.13        171.9        175.16        29299700        175.16
7/8/08        175.4        179.7        172.74        179.55        31726800        179.55
7/9/08        180.2        180.91        174.14        174.25        31992000        174.25
7/10/08        174.92        177.34        171.37        176.63        30024600        176.63
7/11/08        175.47        177.11        171        172.58        33214700        172.58
7/14/08        179.24        179.3        173.08        173.88        31644800        173.88
7/15/08        172.48        173.74        166.39        169.64        37144400        169.64
7/16/08        170.2        172.93        168.6        172.81        26706800        172.81
7/17/08        174.1        174.98        171.39        171.81        27054500        171.81
7/18/08        168.52        169.65        165        165.15        31014800        165.15
7/21/08        166.9        167.5        161.12        166.29        48588200        166.29
7/22/08        149        162.76        146.53        162.02        67128300        162.02
7/23/08        164.99        168.37        161.56        166.26        37920300        166.26
7/24/08        164.32        165.26        158.45        159.03        29986400        159.03
7/25/08        160.4        163        158.65        162.12        22629900        162.12
7/28/08        162.34        162.47        154.02        154.4        27882600        154.4
7/29/08        155.41        159.45        153.65        157.08        24431100        157.08
7/30/08        157.78        160.49        156.08        159.88        25899400        159.88
7/31/08        157.54        162.2        156.98        158.95        22767800        158.95
8/1/08        159.9        159.99        155.75        156.66        19451400        156.66
8/4/08        156.6        157.9        152.91        153.23        21161700        153.23
8/5/08        155.42        160.8        154.82        160.64        24584700        160.64
8/6/08        159.97        167.4        158        164.19        28264600        164.19
8/7/08        162.71        166.15        161.5        163.57        24013300        163.57
8/8/08        163.86        169.65        163.75        169.55        25499900        169.55
8/11/08        170.07        176.5        169.67        173.56        31832300        173.56
8/12/08        173.52        179.29        173.51        176.73        29867100        176.73
8/13/08        177.98        180        175.9        179.3        30083800        179.3
8/14/08        178.33        180.45        177.84        179.32        25403600        179.32
8/15/08        179.04        179.75        175.05        175.74        25294700        175.74
8/18/08        175.57        177.81        173.82        175.39        19714800        175.39
8/19/08        174.54        177.07        171.81        173.53        22007300        173.53
8/20/08        174.77        176.94        173.61        175.84        18105400        175.84
8/21/08        174.47        175.45        171.89        174.29        19276600        174.29
8/22/08        175.82        177.5        175.57        176.79        15700400        176.79
8/25/08        176.15        176.23        171.66        172.55        17300900        172.55
8/26/08        172.76        174.88        172.61        173.64        15912500        173.64
8/27/08        173.31        175.76        172.19        174.67        17063600        174.67
8/28/08        175.28        176.25        172.75        173.74        15406600        173.74
8/29/08        172.96        173.5        169.04        169.53        21403200        169.53
9/2/08        172.4        173.5        165        166.19        27884400        166.19
9/3/08        166.84        168.68        164        166.96        26244100        166.96
9/4/08        165.86        167.91        160.81        161.22        26549500        161.22
9/5/08        158.59        162.4        157.65        160.18        28103000        160.18
9/8/08        164.57        164.89        151.46        157.92        37356400        157.92
9/9/08        156.86        159.96        149.79        151.68        44465200        151.68
9/10/08        152.32        154.99        148.8        151.61        34755100        151.61
9/11/08        148.18        152.99        146        152.65        34683400        152.65
9/12/08        150.91        150.91        146.5        148.94        28322400        148.94
9/15/08        142.03        147.69        140.36        140.36        32879800        140.36
9/16/08        133.86        142.5        132.15        139.88        42851300        139.88
9/17/08        138.49        138.51        127.83        127.83        42873400        127.83
9/18/08        130.57        135.43        120.68        134.09        59866200        134.09
9/19/08        142.6        144.2        136.31        140.91        51102700        140.91
9/22/08        139.94        140.25        130.66        131.05        30596900        131.05
9/23/08        131.85        135.8        126.66        126.84        45727300        126.84
9/24/08        127.27        130.95        125.15        128.71        37393400        128.71
9/25/08        129.8        134.79        128.52        131.93        35930200        131.93
9/26/08        124.91        129.8        123        128.24        40230400        128.24
9/29/08        119.62        119.68        100.59        105.26        93644900        105.26
9/30/08        108.25        115        106.3        113.66        58095800        113.66
10/1/08        111.92        112.36        107.39        109.12        46303000        109.12
10/2/08        108.01        108.79        100        100.1        57477300        100.1
10/3/08        104        106.5        94.65        97.07        81942800        97.07
10/6/08        91.96        98.78        87.54        98.14        75264900        98.14
10/7/08        100.48        101.5        88.95        89.16        67099000        89.16
10/8/08        85.91        96.33        85.68        89.79        78847900        89.79
10/9/08        93.35        95.8        86.6        88.74        57763700        88.74
10/10/08        85.7        100        85        96.8        79260700        96.8
10/13/08        104.55        110.53        101.02        110.26        54967000        110.26
10/14/08        116.26        116.4        103.14        104.08        70749800        104.08
10/15/08        103.84        107        97.89        97.95        56577700        97.95
10/16/08        99.77        103.43        91.74        101.89        70732900        101.89
10/17/08        99.6        102.04        85.89        97.4        62936700        97.4
10/20/08        99.78        100.03        93.64        98.44        55280200        98.44
10/21/08        96.95        97.9        91.16        91.49        78345000        91.49
10/22/08        97.37        101.25        92.93        96.87        80314600        96.87
10/23/08        96.51        99.25        91.9        98.23        59836800        98.23
10/24/08        90.33        97.9        90.11        96.38        56787800        96.38
10/27/08        95.07        97.63        91.86        92.09        43170400        92.09
10/28/08        95.43        100.5        92.37        99.91        58361900        99.91
10/29/08        100.86        109.54        99.94        104.55        69677800        104.55
10/30/08        108.23        112.19        107.61        111.04        58503200        111.04
10/31/08        107.4        110.78        105.14        107.59        59277000        107.59
11/3/08        105.93        109.1        104.86        106.96        37783500        106.96
11/4/08        109.99        111.79        106.67        110.99        49952900        110.99
11/5/08        108.91        109.72        102.99        103.3        44873400        103.3
11/6/08        101.05        102.78        98        99.1        47109800        99.1
11/7/08        99.24        99.85        95.72        98.24        39116200        98.24
11/10/08        100.17        100.4        94.5        95.88        40136500        95.88
11/11/08        94.81        97.17        92.26        94.77        43733500        94.77
11/12/08        92.43        93.24        90.01        90.12        42106300        90.12
11/13/08        89.87        96.44        86.02        96.44        66217400        96.44
11/14/08        93.76        93.99        90        90.24        50188100        90.24
11/17/08        88.48        90.55        87.26        88.14        41518800        88.14
11/18/08        89.64        90.99        86.86        89.91        43203400        89.91
11/19/08        89.44        91.58        86.21        86.29        41853600        86.29
11/20/08        85.24        86.45        80        80.49        61314800        80.49
11/21/08        81.93        84.12        79.14        82.58        56045400        82.58
11/24/08        85.21        94.79        84.84        92.95        51509200        92.95
11/25/08        94.63        94.71        88.16        90.8        44117600        90.8
11/26/08        89.92        95.25        89.85        95        32137000        95
11/28/08        94.7        94.76        91.86        92.67        10634800        92.67
12/1/08        91.3        92.27        88.92        88.93        32991700        88.93
12/2/08        90.03        92.65        86.5        92.47        41025800        92.47
12/3/08        89.4        96.23        88.8        95.9        47810000        95.9
12/4/08        94.43        95.21        89.06        91.41        38977500        91.41
12/5/08        90.35        94.49        88.86        94        37278400        94
12/8/08        97.28        100.8        95.8        99.72        42326500        99.72
12/9/08        98.04        103.6        97.21        100.06        42982000        100.06
12/10/08        97.87        99.49        96.5        98.21        33501700        98.21
12/11/08        97.35        101.24        94.83        95        37164900        95
12/12/08        92.8        99        92.53        98.27        37184800        98.27
12/15/08        95.99        96.21        93        94.75        31848500        94.75
12/16/08        93.98        96.48        92.75        95.43        39053800        95.43
12/17/08        91.03        91.1        88.02        89.16        46209300        89.16
12/18/08        89.31        90.83        88.44        89.43        30622000        89.43
12/19/08        89.94        90.94        88.8        90        28640000        90
12/22/08        90.02        90.03        84.69        85.74        30169300        85.74
12/23/08        86.87        87.87        85.9        86.38        22679700        86.38
12/24/08        86.14        86.25        84.55        85.04        9690500        85.04
12/26/08        86.64        87.42        85.24        85.81        11011600        85.81
12/29/08        86.52        87.62        85.07        86.61        24500000        86.61
12/30/08        87.42        88.05        84.72        86.29        34557200        86.29
12/31/08        85.97        87.74        85.34        85.35        21697900        85.35
1/2/09        85.88        91.04        85.16        90.75        26643400        90.75
1/5/09        93.17        96.18        92.71        94.58        42200300        94.58
1/6/09        95.95        97.17        92.39        93.02        46046800        93.02
1/7/09        91.81        92.5        90.26        91.01        26894600        91.01
1/8/09        90.43        93.15        90.04        92.7        23912000        92.7
1/9/09        93.21        93.38        90.14        90.58        19530200        90.58
1/12/09        90.46        90.99        87.55        88.66        22061300        88.66
1/13/09        88.24        89.74        86.35        87.71        28514200        87.71
1/14/09        86.24        87.25        84.72        85.33        36488000        85.33
1/15/09        80.57        84.12        80.05        83.38        65415500        83.38
1/16/09        84.3        84.38        80.4        82.33        37415200        82.33
1/20/09        81.93        82        78.2        78.2        32854100        78.2
1/21/09        79.39        82.88        79.31        82.83        38902500        82.83
1/22/09        88.04        90        85.82        88.36        50340300        88.36
1/23/09        86.82        89.87        86.5        88.36        27277500        88.36
1/26/09        88.86        90.97        88.3        89.64        24722800        89.64
1/27/09        90.19        91.55        89.74        90.73        22072800        90.73
1/28/09        92.12        95        91.5        94.2        30764500        94.2
1/29/09        93.09        94.34        92.6        93        21168900        93
1/30/09        92.6        93.62        90.01        90.13        23267100        90.13
2/2/09        89.1        92        88.9        91.51        19937400        91.51
2/3/09        91.92        93.38        90.28        92.98        21403900        92.98
2/4/09        93.22        96.25        93.1        93.55        28872200        93.55
2/5/09        92.77        97.25        92.62        96.46        26758800        96.46
2/6/09        97.02        100        97        99.72        24543200        99.72
2/9/09        100        103        99.5        102.51        25536100        102.51
2/10/09        101.33        102.51        97.06        97.83        30323600        97.83
2/11/09        96.37        98.31        95.77        96.82        24106200        96.82
2/12/09        95.83        99.75        95.83        99.27        29185300        99.27
2/13/09        98.99        99.94        98.12        99.16        21749200        99.16
2/17/09        96.87        97.04        94.28        94.53        24222800        94.53
2/18/09        95.05        95.85        92.72        94.37        24456400        94.37
2/19/09        93.37        94.25        90.11        90.64        32957300        90.64
2/20/09        89.4        92.4        89        91.2        26797000        91.2
2/23/09        91.65        92        86.51        86.95        28106500        86.95
2/24/09        87.45        90.89        87        90.25        28825200        90.25
2/25/09        89.86        92.92        89.25        91.16        29751900        91.16
2/26/09        92        92.92        88.96        89.19        22495300        89.19
2/27/09        87.93        91.3        87.67        89.31        25237800        89.31
3/2/09        88.12        91.2        87.67        87.94        27533200        87.94
3/3/09        88.93        90.74        87.88        88.37        25869300        88.37
3/4/09        90.18        92.77        89.45        91.17        26478700        91.17
3/5/09        90.46        91.87        88.45        88.84        25246400        88.84
3/6/09        88.34        88.4        82.33        85.3        36112400        85.3
3/9/09        84.18        87.6        82.57        83.11        24939200        83.11
3/10/09        84.87        89.17        84.36        88.63        30152100        88.63
3/11/09        89.81        94.07        89.58        92.68        30227600        92.68
3/12/09        92.9        96.58        92        96.35        27444900        96.35
3/13/09        96.3        97.2        95.01        95.93        21470300        95.93
3/16/09        96.53        97.39        94.18        95.42        28473000        95.42
3/17/09        95.24        99.69        95.07        99.66        28094500        99.66
3/18/09        99.91        103.48        99.72        101.52        28429900        101.52
3/19/09        101.85        103.2        100.25        101.62        17863600        101.62
3/20/09        102.09        103.11        100.57        101.59        24842400        101.59
3/23/09        102.71        108.16        101.75        107.66        23799900        107.66
3/24/09        106.36        109.44        105.39        106.5        22879000        106.5
3/25/09        107.58        108.36        103.86        106.49        23093500        106.49
3/26/09        107.83        109.98        107.58        109.87        22009000        109.87
3/27/09        108.23        108.53        106.4        106.85        17602600        106.85
3/30/09        104.51        105.01        102.61        104.49        17957000        104.49
3/31/09        105.45        107.45        105        105.12        20338500        105.12
4/1/09        104.09        109        103.89        108.69        21049000        108.69
4/2/09        110.14        114.75        109.78        112.71        29013100        112.71
4/3/09        114.19        116.13        113.52        115.99        22722900        115.99
4/6/09        114.94        118.75        113.28        118.45        23502300        118.45
4/7/09        116.53        116.67        114.19        115        19163600        115
4/8/09        115.43        116.79        114.58        116.32        16272500        116.32
4/9/09        118.42        120        117.96        119.57        18955600        119.57
4/13/09        120.01        120.98        119        120.22        13901300        120.22
4/14/09        119.57        120.17        117.25        118.31        16236500        118.31
4/15/09        117.2        118.25        115.76        117.64        14745800        117.64
4/16/09        119.19        123.15        118.79        121.45        21194500        121.45
4/17/09        121.18        124.25        120.25        123.42        17767700        123.42
4/20/09        121.73        122.99        119.16        120.5        16659500        120.5
4/21/09        118.89        122.14        118.6        121.76        16810200        121.76
4/22/09        122.63        125.35        121.2        121.51        33527400        121.51
4/23/09        126.62        127.2        123.51        125.4        33755600        125.4
4/24/09        124.64        125.14        122.97        123.9        19313000        123.9
4/27/09        122.9        125        122.66        124.73        17167500        124.73
4/28/09        123.35        126.21        123.26        123.9        16280600        123.9
4/29/09        124.85        126.85        123.83        125.14        16361100        125.14
4/30/09        126.22        127        124.92        125.83        17803200        125.83
5/1/09        125.8        127.95        125.8        127.24        14197000        127.24
5/4/09        128.24        132.25        127.68        132.07        21762800        132.07
5/5/09        131.75        132.86        131.12        132.71        14223400        132.71
5/6/09        133.33        133.5        130.22        132.5        16912100        132.5
5/7/09        132.33        132.39        127.9        129.06        18992000        129.06
5/8/09        129.04        131.23        126.26        129.19        16713000        129.19
5/11/09        127.37        130.96        127.12        129.57        14452100        129.57
5/12/09        129.56        129.71        123.25        124.42        21767200        124.42
5/13/09        123.21        124.02        119.38        119.49        21284700        119.49
5/14/09        119.78        123.53        119.7        122.95        15993800        122.95
5/15/09        122.32        124.62        121.61        122.42        13127400        122.42
5/18/09        123.73        126.7        121.57        126.65        16387200        126.65
5/19/09        126.82        129.31        125.74        127.45        13300800        127.45
5/20/09        127.63        129.21        125.3        125.87        13878000        125.87
5/21/09        125.15        126.78        122.89        124.18        14569500        124.18
5/22/09        124.05        124.18        121.75        122.5        10642800        122.5
5/26/09        124.76        130.83        124.55        130.78        22747400        130.78
5/27/09        131.78        134.98        130.91        133.05        23086500        133.05
5/28/09        133.45        135.39        132.03        135.07        17412600        135.07
5/29/09        135.39        135.9        133.85        135.81        16304800        135.81
6/1/09        136.47        139.99        136        139.35        16160700        139.35
6/2/09        138.99        141.34        138.35        139.49        16293700        139.49
6/3/09        140        141.11        139.07        140.95        20185700        140.95
6/4/09        140.13        144.18        140.04        143.74        19665500        143.74
6/5/09        145.31        146.4        143.21        144.67        22597000        144.67
6/8/09        143.82        144.23        139.43        143.85        33273300        143.85
6/9/09        143.81        144.56        140.55        142.72        24177300        142.72
6/10/09        142.28        142.35        138.3        140.25        24593700        140.25
6/11/09        139.55        141.56        138.55        139.95        18743700        139.95
6/12/09        138.81        139.1        136.04        136.97        20110200        136.97
6/15/09        136.01        136.93        134.89        136.09        19276800        136.09
6/16/09        136.66        138.47        136.1        136.35        18385900        136.35
6/17/09        136.67        137.45        134.53        135.58        20407600        135.58
6/18/09        136.11        138        135.59        135.88        15274300        135.88
6/19/09        138.07        139.5        136.9        139.48        25780600        139.48
6/22/09        140.67        141.56        136.33        137.37        22675500        137.37
6/23/09        136.4        136.95        132.88        134.01        25233300        134.01
6/24/09        135.42        137.5        134.86        136.22        17340200        136.22
6/25/09        135.75        140.2        135.21        139.86        21051700        139.86
6/26/09        139.79        143.56        139.74        142.44        15692300        142.44
6/29/09        143.46        143.95        141.54        141.97        20272000        141.97
6/30/09        142.58        143.8        141.8        142.43        15508000        142.43
7/1/09        143.5        144.66        142.52        142.83        14792100        142.83
7/2/09        141.25        142.83        139.79        140.02        13231400        140.02
7/6/09        138.7        138.99        136.25        138.61        17810300        138.61
7/7/09        138.48        139.68        135.18        135.4        16485600        135.4
7/8/09        135.92        138.04        134.42        137.22        20568900        137.22
7/9/09        137.76        137.99        135.93        136.36        12250900        136.36
7/10/09        136.34        138.97        136.32        138.52        15902700        138.52
7/13/09        139.54        142.34        137.53        142.34        17267900        142.34
7/14/09        142.03        143.18        141.16        142.27        12401700        142.27
7/15/09        145.04        147        144.32        146.88        17342400        146.88
7/16/09        145.76        148.02        145.57        147.52        14056100        147.52
7/17/09        149.08        152.02        148.63        151.75        21505500        151.75
7/20/09        153.27        155.04        150.89        152.91        26268800        152.91
7/21/09        153.29        153.43        149.75        151.51        31242200        151.51
7/22/09        157.79        158.73        156.11        156.74        31218000        156.74
7/23/09        156.63        158.44        155.56        157.82        18820100        157.82
7/24/09        156.95        160        156.5        159.99        15655800        159.99
7/27/09        160.17        160.88        157.26        160.1        15475400        160.1
7/28/09        158.88        160.1        157.6        160        12984100        160
7/29/09        158.9        160.45        158.25        160.03        13648500        160.03
7/30/09        161.7        164.72        161.5        162.79        16771600        162.79
7/31/09        162.99        165        162.91        163.39        15090600        163.39
8/3/09        165.21        166.64        164.87        166.43        14080000        166.43
8/4/09        164.93        165.57        164.21        165.55        14136100        165.55
8/5/09        165.75        167.39        164.21        165.11        15113700        165.11
8/6/09        165.58        166.51        163.09        163.91        12200600        163.91
8/7/09        165.49        166.6        164.8        165.51        13834100        165.51
8/10/09        165.66        166.6        163.66        164.72        10724800        164.72
8/11/09        163.69        164.38        161.88        162.83        12690800        162.83
8/12/09        162.55        166.71        162.46        165.31        15895400        165.31
8/13/09        166.65        168.67        166.5        168.42        15713600        168.42
8/14/09        167.94        168.23        165.53        166.78        10922000        166.78
8/17/09        163.55        163.59        159.42        159.59        18727900        159.59
8/18/09        161.63        164.24        161.41        164        15398300        164
8/19/09        162.75        165.3        162.45        164.6        14759700        164.6
8/20/09        164.98        166.72        164.61        166.33        12215400        166.33
8/21/09        167.65        169.37        166.8        169.22        14859800        169.22
8/24/09        170.12        170.71        168.27        169.06        14533200        169.06
8/25/09        169.46        170.94        169.13        169.4        11584100        169.4
8/26/09        168.92        169.55        166.76        167.41        10857100        167.41
8/27/09        168.75        169.57        164.83        169.45        16042200        169.45
8/28/09        172.27        172.49        168.53        170.05        16203600        170.05
8/31/09        168.16        168.85        166.5        168.21        11119200        168.21
9/1/09        167.99        170        164.94        165.3        16751000        165.3
9/2/09        164.62        167.61        164.11        165.18        13008900        165.18
9/3/09        166.44        167.1        165        166.55        10498400        166.55
9/4/09        167.28        170.7        167.09        170.31        13379600        170.31
9/8/09        172.98        173.14        172        172.93        11251700        172.93
9/9/09        172.78        174.47        169.7        171.14        28967400        171.14
9/10/09        172.06        173.25        170.81        172.56        17540500        172.56
9/11/09        172.91        173.18        170.87        172.16        12462900        172.16
9/14/09        170.83        173.9        170.25        173.72        11500400        173.72
9/15/09        174.04        175.65        173.59        175.16        15231100        175.16
9/16/09        177.99        182.75        177.88        181.87        26929400        181.87
9/17/09        181.98        186.79        181.97        184.55        28949000        184.55
9/18/09        185.83        186.55        184.76        185.02        21485100        185.02
9/21/09        184.29        185.16        181.62        184.02        15632700        184.02
9/22/09        185.19        185.38        182.85        184.48        12741200        184.48
9/23/09        185.4        188.9        185.03        185.5        21198700        185.5
9/24/09        187.2        187.7        182.77        183.82        19674300        183.82
9/25/09        182.01        185.5        181.44        182.37        15901400        182.37
9/28/09        183.87        186.68        183.33        186.15        12051600        186.15
9/29/09        186.73        187.4        184.31        185.38        12335200        185.38
9/30/09        186.13        186.45        182.61        185.35        19270900        185.35
10/1/09        185.35        186.22        180.7        180.86        18739700        180.86
10/2/09        181.41        185.94        181.35        184.9        19761000        184.9
10/5/09        186.2        186.86        184.27        186.02        15111900        186.02
10/6/09        187.74        190.01        187.3        190.01        21610200        190.01
10/7/09        189.76        190.55        189.03        190.25        16631000        190.25
10/8/09        190.66        191.45        188.89        189.27        15650400        189.27
10/9/09        188.97        190.7        188.62        190.47        10474000        190.47
10/12/09        191.02        191.51        189.64        190.81        10286600        190.81
10/13/09        190.63        191.17        189.7        190.02        12429300        190.02
10/14/09        192.25        192.32        190.23        191.29        13411100        191.29
10/15/09        189.63        190.92        189.53        190.56        13341300        190.56
10/16/09        189.35        190.36        187.84        188.05        15408100        188.05
10/19/09        187.85        190        185.55        189.86        33651100        189.86
10/20/09        200.6        201.75        197.85        198.76        40751400        198.76
10/21/09        199.52        208.71        199.23        204.92        42633100        204.92
10/22/09        204.7        207.85        202.51        205.2        28264000        205.2
10/23/09        205.7        205.8        203.23        203.94        15028100        203.94
10/26/09        203.67        206.75        200.1        202.48        17297800        202.48
10/27/09        201.66        202.81        196.45        197.37        27019700        197.37
10/28/09        197.71        198.02        191.1        192.4        29228100        192.4
10/29/09        195        196.81        192.14        196.35        20366800        196.35
10/30/09        196.06        196.8        188.17        188.5        25625900        188.5
11/2/09        189.8        192.88        185.57        189.31        24249400        189.31
11/3/09        187.85        189.52        185.92        188.75        18662200        188.75
11/4/09        190.73        193.85        190.23        190.81        17411800        190.81
11/5/09        192.4        195        191.82        194.03        13742900        194.03
11/6/09        192.51        195.19        192.4        194.34        10539200        194.34
11/9/09        196.94        201.9        196.26        201.46        18887700        201.46
11/10/09        201.02        204.98        201.01        202.98        14328400        202.98
11/11/09        204.56        205        201.83        203.25        15852500        203.25
11/12/09        203.14        204.87        201.43        201.99        12990400        201.99
11/13/09        202.87        204.83        202.07        204.45        12258600        204.45
11/16/09        205.48        208        205.01        206.63        17328800        206.63
11/17/09        206.08        207.44        205        207        14161200        207
11/18/09        206.54        207        204        205.96        13368600        205.96
11/19/09        204.61        204.61        199.8        200.51        19368800        200.51
11/20/09        199.15        200.39        197.76        199.92        14523800        199.92
11/23/09        203        206        202.95        205.88        16960600        205.88
11/24/09        205.33        205.88        202.9        204.44        11372800        204.44
11/25/09        205.4        205.65        203.76        204.19        10230500        204.19
11/27/09        199.22        202.96        198.37        200.59        10544900        200.59
11/30/09        201.11        201.68        198.77        199.91        15173500        199.91
12/1/09        202.24        202.77        196.83        196.97        16634400        196.97
12/2/09        198.96        201.42        195.75        196.23        25545000        196.23
12/3/09        197.42        198.98        196.27        196.48        16025700        196.48
12/4/09        199.7        199.88        190.28        193.32        29531600        193.32
12/7/09        193.32        193.77        188.68        188.95        25527100        188.95
12/8/09        189.36        192.35        188.7        189.87        24657100        189.87
12/9/09        191.28        198.16        190.31        197.8        24456500        197.8
12/10/09        199.5        199.7        196.12        196.43        17488200        196.43
12/11/09        197.78        198        193.43        194.67        15349100        194.67
12/14/09        195.37        197.43        192.56        196.98        17706800        196.98
12/15/09        195.83        197.51        193.27        194.17        14980700        194.17
12/16/09        195.1        196.5        194.55        195.03        12606600        195.03
12/17/09        194.26        195        191        191.86        13887100        191.86
12/18/09        193.17        195.5        192.6        195.43        21741800        195.43
12/21/09        196.05        199.75        195.67        198.23        21853800        198.23
12/22/09        199.44        200.85        198.66        200.36        12482700        200.36
12/23/09        201.2        202.38        200.81        202.1        12340200        202.1
12/24/09        203.55        209.35        203.35        209.04        17888900        209.04
12/28/09        211.72        213.95        209.61        211.61        23020200        211.61
12/29/09        212.63        212.72        208.73        209.1        15900200        209.1
12/30/09        208.83        212        208.31        211.64        14717300        211.64
12/31/09        213.13        213.35        210.56        210.73        12586100        210.73
1/4/10        213.43        214.5        212.38        214.01        17633200        214.01
1/5/10        214.6        215.59        213.25        214.38        21496600        214.38
1/6/10        214.38        215.23        210.75        210.97        19720000        210.97
1/7/10        211.75        212        209.05        210.58        17040400        210.58
1/8/10        210.3        212        209.06        211.98        15986100        211.98
1/11/10        212.8        213        208.45        210.11        16508200        210.11
1/12/10        209.19        209.77        206.42        207.72        21230700        207.72
1/13/10        207.87        210.93        204.1        210.65        21639000        210.65
1/14/10        210.11        210.46        209.02        209.43        15460500        209.43
1/15/10        210.93        211.6        205.87        205.93        21216700        205.93
1/19/10        208.33        215.19        207.24        215.04        26071700        215.04
1/20/10        214.91        215.55        209.5        211.73        21862600        211.73
1/21/10        212.08        213.31        207.21        208.07        21719800        208.07
1/22/10        206.78        207.5        197.16        197.75        31491700        197.75
1/25/10        202.51        204.7        200.19        203.07        38060700        203.07
1/26/10        205.95        213.71        202.58        205.94        66682500        205.94
1/27/10        206.85        210.58        199.53        207.88        61520300        207.88
1/28/10        204.93        205.5        198.7        199.29        41910800        199.29
1/29/10        201.08        202.2        190.25        192.06        44498300        192.06
2/1/10        192.37        196        191.3        194.73        26781300        194.73
2/2/10        195.91        196.32        193.38        195.86        24940800        195.86
2/3/10        195.17        200.2        194.42        199.23        21976000        199.23
2/4/10        196.73        198.37        191.57        192.05        27059000        192.05
2/5/10        192.63        196        190.85        195.46        30368100        195.46
2/8/10        195.69        197.88        194        194.12        17081100        194.12
2/9/10        196.42        197.5        194.75        196.19        22603100        196.19
2/10/10        195.89        196.6        194.26        195.12        13227200        195.12
2/11/10        194.88        199.75        194.06        198.67        19655200        198.67
2/12/10        198.11        201.64        195.5        200.38        23409600        200.38
2/16/10        201.94        203.69        201.52        203.4        19419200        203.4
2/17/10        204.19        204.31        200.86        202.55        15585600        202.55
2/18/10        201.63        203.89        200.92        202.93        15100900        202.93
2/19/10        201.86        203.2        201.11        201.67        14838200        201.67
2/22/10        202.34        202.5        199.19        200.42        13948700        200.42
2/23/10        200        201.33        195.71        197.06        20539100        197.06
2/24/10        198.23        201.44        197.84        200.66        16448800        200.66
2/25/10        197.38        202.86        196.89        202        23754500        202
2/26/10        202.38        205.17        202        204.62        18123600        204.62
3/1/10        205.75        209.5        205.45        208.99        19646200        208.99
3/2/10        209.93        210.83        207.74        208.85        20233800        208.85
3/3/10        208.94        209.87        207.94        209.33        13287600        209.33
3/4/10        209.28        210.92        208.63        210.71        13072900        210.71
3/5/10        214.94        219.7        214.63        218.95        32129300        218.95
3/8/10        220.01        220.09        218.25        219.08        15353200        219.08
3/9/10        218.31        225        217.89        223.02        32866400        223.02
3/10/10        223.83        225.48        223.2        224.84        21293500        224.84
3/11/10        223.91        225.5        223.32        225.5        14489300        225.5
3/12/10        227.37        227.73        225.75        226.6        14868700        226.6
3/15/10        225.38        225.5        220.25        223.84        17625100        223.84
3/16/10        224.18        224.98        222.51        224.45        15961000        224.45
3/17/10        224.9        226.45        223.27        224.12        16105600        224.12
3/18/10        224.1        225        222.61        224.65        12218200        224.65
3/19/10        224.79        225.24        221.23        222.25        19980200        222.25
3/22/10        220.47        226        220.15        224.75        16300700        224.75
3/23/10        225.64        228.78        224.1        228.36        21515400        228.36
3/24/10        227.64        230.2        227.51        229.37        21349300        229.37
3/25/10        230.92        230.97        226.25        226.65        19367300        226.65
3/26/10        228.95        231.95        228.55        230.9        22888400        230.9
3/29/10        233        233.87        231.62        232.39        19312300        232.39
3/30/10        236.6        237.48        234.25        235.85        18832500        235.85
3/31/10        235.49        236.61        234.46        235        15380700        235
4/1/10        237.41        238.73        232.75        235.97        21540900        235.97
4/5/10        234.98        238.51        234.77        238.49        24446700        238.49
4/6/10        238.2        240.24        237        239.54        15964900        239.54
4/7/10        239.55        241.92        238.66        240.6        22446500        240.6
4/8/10        240.44        241.54        238.04        239.95        20463900        239.95
4/9/10        241.43        241.89        240.46        241.79        11935100        241.79
4/12/10        242.2        243.07        241.81        242.29        11893800        242.29
4/13/10        241.86        242.8        241.11        242.43        10936100        242.43
4/14/10        245.28        245.81        244.07        245.69        14431300        245.69
4/15/10        245.78        249.03        245.51        248.92        13456600        248.92
4/16/10        248.57        251.14        244.55        247.4        26805200        247.4
4/19/10        247.03        247.89        241.77        247.07        20247300        247.07
4/20/10        248.54        249.25        242.96        244.59        26050700        244.59
4/21/10        258.8        260.25        255.73        259.22        35061800        259.22
4/22/10        258.24        266.75        256.2        266.47        28292800        266.47
4/23/10        267.99        272.18        267        270.83        28431100        270.83
4/26/10        271.88        272.46        268.19        269.5        17063600        269.5
4/27/10        267.27        267.84        260.52        262.04        25318600        262.04
4/28/10        263.25        264        256.41        261.6        27062200        261.6
4/29/10        263.02        270        262.01        268.64        19943100        268.64
4/30/10        269.31        270.57        261        261.09        19351500        261.09
5/3/10        263.84        267.88        262.88        266.35        16198300        266.35
5/4/10        262.89        263.29        256.75        258.68        25819700        258.68
5/5/10        253.03        258.14        248.73        255.99        31493500        255.99
5/6/10        253.83        258.25        199.25        246.25        45753900        246.25
5/7/10        243.71        246.57        225.21        235.86        59829000        235.86
5/10/10        250.25        254.65        248.53        253.99        35082200        253.99
5/11/10        251.84        259.89        250.5        256.52        30318100        256.52
5/12/10        259.24        263.13        258.7        262.09        23354900        262.09
5/13/10        263.22        265        256.4        258.36        21395900        258.36
5/14/10        255.16        256.48        249.5        253.82        27061800        253.82
5/17/10        254.7        256.18        247.71        254.22        27221300        254.22
5/18/10        256.98        258.55        250.26        252.36        27892900        252.36