4/1/10        237.41        238.73        232.75        235.97        21540900        235.97
4/5/10        234.98        238.51        234.77        238.49        24446700        238.49
4/6/10        238.2        240.24        237        239.54        15964900        239.54
4/7/10        239.55        241.92        238.66        240.6        22446500        240.6
4/8/10        240.44        241.54        238.04        239.95        20463900        239.95
4/9/10        241.43        241.89        240.46        241.79        11935100        241.79
4/12/10        242.2        243.07        241.81        242.29        11893800        242.29
4/13/10        241.86        242.8        241.11        242.43        10936100        242.43
4/14/10        245.28        245.81        244.07        245.69        14431300        245.69
4/15/10        245.78        249.03        245.51        248.92        13456600        248.92
4/16/10        248.57        251.14        244.55        247.4        26805200        247.4
4/19/10        247.03        247.89        241.77        247.07        20247300        247.07
4/20/10        248.54        249.25        242.96        244.59        26050700        244.59
4/21/10        258.8        260.25        255.73        259.22        35061800        259.22
4/22/10        258.24        266.75        256.2        266.47        28292800        266.47
4/23/10        267.99        272.18        267        270.83        28431100        270.83
4/26/10        271.88        272.46        268.19        269.5        17063600        269.5
4/27/10        267.27        267.84        260.52        262.04        25318600        262.04
4/28/10        263.25        264        256.41        261.6        27062200        261.6
4/29/10        263.02        270        262.01        268.64        19943100        268.64
4/30/10        269.31        270.57        261        261.09        19351500        261.09
5/3/10        263.84        267.88        262.88        266.35        16198300        266.35
5/4/10        262.89        263.29        256.75        258.68        25819700        258.68
5/5/10        253.03        258.14        248.73        255.99        31493500        255.99
5/6/10        253.83        258.25        199.25        246.25        45753900        246.25
5/7/10        243.71        246.57        225.21        235.86        59829000        235.86
5/10/10        250.25        254.65        248.53        253.99        35082200        253.99
5/11/10        251.84        259.89        250.5        256.52        30318100        256.52
5/12/10        259.24        263.13        258.7        262.09        23354900        262.09
5/13/10        263.22        265        256.4        258.36        21395900        258.36
5/14/10        255.16        256.48        249.5        253.82        27061800        253.82
5/17/10        254.7        256.18        247.71        254.22        27221300        254.22
5/18/10        256.98        258.55        250.26        252.36        27892900        252.36